1000 0.000015
1100 0.000029
1200 0.000021
1300 0.000052
1400 0.000033
1500 0.000040
1600 0.000031
1700 0.000043
1800 0.000031
1900 0.000049
2000 0.000029
2100 0.000071
2200 0.000048
2300 0.000077
2400 0.000040
2500 0.000071
2600 0.000045
2700 0.000087
2800 0.000067
2900 0.000070
3000 0.000064
3100 0.000078
3200 0.000075
3300 0.000101
3400 0.000094
3500 0.000111
3600 0.000074
3700 0.000102
3800 0.000078
3900 0.000214
4000 0.000139
4100 0.000095
4200 0.000122
4300 0.000129
4400 0.000131
4500 0.000099
4600 0.000125
4700 0.000119
4800 0.000092
4900 0.000111
5000 0.000108
5100 0.000133
5200 0.000102
5300 0.000264
5400 0.000133
5500 0.000138
5600 0.000162
5700 0.000172
5800 0.000116
5900 0.000152
6000 0.000124
6100 0.000205
6200 0.000184
6300 0.000199
6400 0.000151
6500 0.000163
6600 0.000173
6700 0.000141
6800 0.000149
6900 0.000169
7000 0.000137
7100 0.000189
7200 0.000154
7300 0.000171
7400 0.000174
7500 0.000240
7600 0.000181
7700 0.000234
7800 0.000189
7900 0.000181
8000 0.000194
8100 0.000248
8200 0.000269
8300 0.000393
8400 0.000191
8500 0.001716
8600 0.000181
8700 0.000262
8800 0.000187
8900 0.000338
9000 0.000254
9100 0.000206
9200 0.000190
9300 0.000206
9400 0.000200
9500 0.000219
9600 0.000329
9700 0.000239
9800 0.000231
9900 0.000241
10000 0.000211
10100 0.000237
10200 0.000216
10300 0.000250
10400 0.000232
10500 0.000379
10600 0.000238
10700 0.000313
10800 0.000233
10900 0.000271
11000 0.000371
11100 0.000307
11200 0.000312
11300 0.000292
11400 0.000283
11500 0.000630
11600 0.000377
11700 0.001499
11800 0.000409
11900 0.000320
12000 0.000370
12100 0.001213
12200 0.000323
12300 0.000455
12400 0.000472
12500 0.000662
12600 0.000312
12700 0.000298
12800 0.000292
12900 0.000481
13000 0.000363
13100 0.000336
13200 0.000494
13300 0.000405
13400 0.000320
13500 0.000476
13600 0.000396
13700 0.000513
13800 0.000490
13900 0.000324
14000 0.000414
14100 0.000439
14200 0.000516
14300 0.000412
14400 0.000411
14500 0.000307
14600 0.000371
14700 0.000431
14800 0.000541
14900 0.000580
15000 0.000473
15100 0.000612
15200 0.000365
15300 0.000442
15400 0.000505
15500 0.000478
15600 0.000526
15700 0.000418
15800 0.000526
15900 0.000431
16000 0.000393
16100 0.000609
16200 0.000561
16300 0.000598
16400 0.000538
16500 0.000562
16600 0.000522
16700 0.000616
16800 0.000389
16900 0.000508
17000 0.000367
17100 0.000728
17200 0.000395
17300 0.000452
17400 0.000424
17500 0.000479
17600 0.000429
17700 0.000444
17800 0.000460
17900 0.000738
18000 0.000436
18100 0.000447
18200 0.000561
18300 0.000421
18400 0.000417
18500 0.000487
18600 0.000501
18700 0.000512
18800 0.000444
18900 0.000623
19000 0.000442
19100 0.000492
19200 0.000460
19300 0.000482
19400 0.000731
19500 0.000513
19600 0.000499
19700 0.000840
19800 0.000398
19900 0.000544
20000 0.000569
20100 0.000665
20200 0.000552
20300 0.000632
20400 0.000502
20500 0.000639
20600 0.000617
20700 0.000901
20800 0.000707
20900 0.000626
21000 0.000485
21100 0.000670
21200 0.000505
21300 0.000502
21400 0.000496
21500 0.000532
21600 0.000673
21700 0.000534
21800 0.000611
21900 0.000575
22000 0.000480
22100 0.000671
22200 0.000744
22300 0.000936
22400 0.000677
22500 0.001087
22600 0.000798
22700 0.000536
22800 0.001184
22900 0.000641
23000 0.000550
23100 0.000519
23200 0.000762
23300 0.000662
23400 0.000759
23500 0.000670
23600 0.000598
23700 0.000714
23800 0.000713
23900 0.000740
24000 0.000815
24100 0.000806
24200 0.000757
24300 0.000759
24400 0.000771
24500 0.000905
24600 0.000805
24700 0.000820
24800 0.000708
24900 0.001060
25000 0.000614
25100 0.000878
25200 0.000675
25300 0.000734
25400 0.000747
25500 0.000734
25600 0.000940
25700 0.000823
25800 0.000832
25900 0.000879
26000 0.001033
26100 0.000726
26200 0.000731
26300 0.000924
26400 0.002859
26500 0.000922
26600 0.000569
26700 0.000850
26800 0.000841
26900 0.000985
27000 0.002453
27100 0.000887
27200 0.000864
27300 0.000775
27400 0.000773
27500 0.000874
27600 0.000711
27700 0.000867
27800 0.000827
27900 0.000908
28000 0.000827
28100 0.000739
28200 0.000858
28300 0.000794
28400 0.000861
28500 0.000874
28600 0.000711
28700 0.000790
28800 0.001048
28900 0.001225
29000 0.001558
29100 0.000835
29200 0.001295
29300 0.001650
29400 0.002422
29500 0.000777
29600 0.000760
29700 0.000972
29800 0.001140
29900 0.000928
30000 0.000951
30100 0.000989
30200 0.000979
30300 0.000942
30400 0.000910
30500 0.001787
30600 0.000936
30700 0.001076
30800 0.000924
30900 0.000722
31000 0.000975
31100 0.000983
31200 0.000883
31300 0.000992
31400 0.000992
31500 0.001059
31600 0.001159
31700 0.001016
31800 0.001035
31900 0.001021
32000 0.001175
32100 0.001215
32200 0.000900
32300 0.000969
32400 0.001250
32500 0.000842
32600 0.001629
32700 0.000947
32800 0.001528
32900 0.001314
33000 0.000953
33100 0.001037
33200 0.001050
33300 0.001046
33400 0.000899
33500 0.000995
33600 0.001056
33700 0.001184
33800 0.001048
33900 0.001109
34000 0.001024
34100 0.001174
34200 0.001248
34300 0.001152
34400 0.001420
34500 0.001084
34600 0.001246
34700 0.001390
34800 0.000925
34900 0.001701
35000 0.001180
35100 0.000758
35200 0.001004
35300 0.001060
35400 0.001066
35500 0.001031
35600 0.001292
35700 0.001246
35800 0.001289
35900 0.001028
36000 0.001254
36100 0.001493
36200 0.001189
36300 0.001098
36400 0.001153
36500 0.001176
36600 0.001134
36700 0.001069
36800 0.001338
36900 0.001105
37000 0.001132
37100 0.000969
37200 0.001226
37300 0.001329
37400 0.001185
37500 0.001061
37600 0.001399
37700 0.001305
37800 0.001331
37900 0.000996
38000 0.001597
38100 0.001257
38200 0.001077
38300 0.001129
38400 0.001933
38500 0.001255
38600 0.001719
38700 0.001378
38800 0.001916
38900 0.001448
39000 0.001256
39100 0.001277
39200 0.001252
39300 0.001225
39400 0.001093
39500 0.001258
39600 0.001172
39700 0.001186
39800 0.001216
39900 0.001413
40000 0.001631
40100 0.001224
40200 0.001481
40300 0.001476
40400 0.001320
40500 0.001355
40600 0.001506
40700 0.000991
40800 0.001187
40900 0.001619
41000 0.000958
41100 0.001299
41200 0.001128
41300 0.001674
41400 0.001286
41500 0.001288
41600 0.001225
41700 0.001302
41800 0.001182
41900 0.001496
42000 0.001212
42100 0.001566
42200 0.001385
42300 0.002232
42400 0.001884
42500 0.001774
42600 0.001534
42700 0.001739
42800 0.001228
42900 0.001189
43000 0.001446
43100 0.001550
43200 0.001206
43300 0.001151
43400 0.001266
43500 0.001427
43600 0.001240
43700 0.001523
43800 0.001448
43900 0.001427
44000 0.001298
44100 0.001433
44200 0.001040
44300 0.001437
44400 0.001343
44500 0.001513
44600 0.000983
44700 0.001625
44800 0.001040
44900 0.001656
45000 0.001038
45100 0.001617
45200 0.001531
45300 0.001565
45400 0.001274
45500 0.001412
45600 0.001491
45700 0.001547
45800 0.001355
45900 0.001543
46000 0.001338
46100 0.001424
46200 0.001470
46300 0.001384
46400 0.001422
46500 0.001426
46600 0.001316
46700 0.001418
46800 0.001280
46900 0.001404
47000 0.001629
47100 0.001564
47200 0.001474
47300 0.001534
47400 0.001541
47500 0.001581
47600 0.001495
47700 0.001558
47800 0.001661
47900 0.001579
48000 0.001695
48100 0.001520
48200 0.001549
48300 0.001617
48400 0.001654
48500 0.002612
48600 0.001654
48700 0.001432
48800 0.001482
48900 0.001495
49000 0.001654
49100 0.002602
49200 0.001581
49300 0.001712
49400 0.001270
49500 0.001557
49600 0.001709
49700 0.001532
49800 0.001229
49900 0.001645
