1000 0.000017
1100 0.000027
1200 0.000032
1300 0.000021
1400 0.000035
1500 0.000024
1600 0.000045
1700 0.000040
1800 0.000036
1900 0.000028
2000 0.000031
2100 0.000006
2200 0.000058
2300 0.000115
2400 0.000071
2500 0.000054
2600 0.000064
2700 0.000043
2800 0.000072
2900 0.000102
3000 0.000115
3100 0.000055
3200 0.000021
3300 0.000094
3400 0.000015
3500 0.000122
3600 0.000209
3700 0.000148
3800 0.000045
3900 0.000371
4000 0.000344
4100 0.000107
4200 0.000061
4300 0.000086
4400 0.000140
4500 0.000147
4600 0.000174
4700 0.000113
4800 0.000212
4900 0.000199
5000 0.000106
5100 0.000200
5200 0.000186
5300 0.000206
5400 0.000035
5500 0.000137
5600 0.000040
5700 0.000057
5800 0.000301
5900 0.000329
6000 0.000098
6100 0.000171
6200 0.000269
6300 0.000312
6400 0.000298
6500 0.000289
6600 0.000282
6700 0.000109
6800 0.000239
6900 0.000357
7000 0.000144
7100 0.000073
7200 0.000562
7300 0.000273
7400 0.000314
7500 0.000427
7600 0.000018
7700 0.001033
7800 0.000636
7900 0.000069
8000 0.000239
8100 0.000350
8200 0.000198
8300 0.000439
8400 0.000583
8500 0.000287
8600 0.000329
8700 0.000374
8800 0.000214
8900 0.000426
9000 0.000153
9100 0.001024
9200 0.000583
9300 0.000253
9400 0.000047
9500 0.000411
9600 0.000349
9700 0.000357
9800 0.000344
9900 0.000060
10000 0.000036
10100 0.000698
10200 0.000477
10300 0.000290
10400 0.000107
10500 0.000236
10600 0.000209
10700 0.000420
10800 0.000510
10900 0.000774
11000 0.000543
11100 0.000278
11200 0.000567
11300 0.000915
11400 0.000468
11500 0.000219
11600 0.001197
11700 0.001416
11800 0.001607
11900 0.000806
12000 0.001782
12100 0.000924
12200 0.000316
12300 0.000773
12400 0.000954
12500 0.001012
12600 0.000574
12700 0.001335
12800 0.000857
12900 0.000108
13000 0.000531
13100 0.000157
13200 0.000567
13300 0.000540
13400 0.000764
13500 0.000144
13600 0.001044
13700 0.000584
13800 0.000373
13900 0.000703
14000 0.000093
14100 0.001110
14200 0.001128
14300 0.000965
14400 0.000201
14500 0.001015
14600 0.000902
14700 0.002093
14800 0.000450
14900 0.000037
15000 0.000917
15100 0.000888
15200 0.002496
15300 0.001180
15400 0.001158
15500 0.000447
15600 0.000834
15700 0.000805
15800 0.000737
15900 0.001041
16000 0.001533
16100 0.001673
16200 0.001477
16300 0.000951
16400 0.001183
16500 0.000139
16600 0.000507
16700 0.000810
16800 0.001527
16900 0.001483
17000 0.000817
17100 0.000697
17200 0.001264
17300 0.001165
17400 0.001383
17500 0.000024
17600 0.001064
17700 0.001132
17800 0.000167
17900 0.000626
18000 0.001084
18100 0.000314
18200 0.000348
18300 0.000341
18400 0.001256
18500 0.001770
18600 0.001259
18700 0.001529
18800 0.003084
18900 0.001234
19000 0.000009
19100 0.000543
19200 0.001093
19300 0.001369
19400 0.001211
19500 0.001846
19600 0.000464
19700 0.000812
19800 0.002466
19900 0.001825
20000 0.001328
20100 0.002441
20200 0.000915
20300 0.000930
20400 0.000458
20500 0.000839
20600 0.000577
20700 0.001826
20800 0.000040
20900 0.000901
21000 0.001117
21100 0.000805
21200 0.000940
21300 0.000053
21400 0.001788
21500 0.001123
21600 0.001971
21700 0.000873
21800 0.002135
21900 0.000982
22000 0.000070
22100 0.001345
22200 0.001599
22300 0.000674
22400 0.001358
22500 0.001292
22600 0.000263
22700 0.001303
22800 0.003579
22900 0.000269
23000 0.001778
23100 0.002558
23200 0.001299
23300 0.001758
23400 0.000245
23500 0.001818
23600 0.002268
23700 0.001319
23800 0.000547
23900 0.001434
24000 0.003929
24100 0.002299
24200 0.002512
24300 0.000060
24400 0.001831
24500 0.000303
24600 0.001750
24700 0.001171
24800 0.003486
24900 0.003044
25000 0.001690
25100 0.000017
25200 0.000958
25300 0.001392
25400 0.002322
25500 0.001486
25600 0.001084
25700 0.001827
25800 0.002219
25900 0.001087
26000 0.001129
26100 0.000362
26200 0.000168
26300 0.001562
26400 0.001162
26500 0.001287
26600 0.000725
26700 0.002773
26800 0.000629
26900 0.001401
27000 0.003059
27100 0.000442
27200 0.003723
27300 0.000729
27400 0.001856
27500 0.003283
27600 0.002063
27700 0.001932
27800 0.000428
27900 0.001686
28000 0.001564
28100 0.001678
28200 0.001773
28300 0.002546
28400 0.000992
28500 0.003030
28600 0.002244
28700 0.001275
28800 0.001249
28900 0.001381
29000 0.002041
29100 0.002874
29200 0.000090
29300 0.001028
29400 0.002477
29500 0.002607
29600 0.003099
29700 0.002982
29800 0.002869
29900 0.002793
30000 0.002765
30100 0.002662
30200 0.000316
30300 0.001558
30400 0.000653
30500 0.002826
30600 0.000235
30700 0.001680
30800 0.000946
30900 0.000455
31000 0.002059
31100 0.002620
31200 0.000699
31300 0.000079
31400 0.000410
31500 0.000698
31600 0.000805
31700 0.000114
31800 0.001742
31900 0.000155
32000 0.002050
32100 0.000890
32200 0.001237
32300 0.002688
32400 0.003271
32500 0.002156
32600 0.000692
32700 0.001830
32800 0.001287
32900 0.003101
33000 0.003521
33100 0.000930
33200 0.002059
33300 0.003451
33400 0.003065
33500 0.000194
33600 0.002486
33700 0.000118
33800 0.001299
33900 0.002383
34000 0.000024
34100 0.003215
34200 0.003269
34300 0.000437
34400 0.001845
34500 0.002259
34600 0.000800
34700 0.001878
34800 0.002722
34900 0.003619
35000 0.003456
35100 0.002379
35200 0.002138
35300 0.001791
35400 0.000703
35500 0.003384
35600 0.002914
35700 0.002094
35800 0.002837
35900 0.002635
36000 0.002435
36100 0.001007
36200 0.002510
36300 0.000632
36400 0.000928
36500 0.002604
36600 0.001027
36700 0.001547
36800 0.003525
36900 0.002479
37000 0.000540
37100 0.002491
37200 0.004105
37300 0.002359
37400 0.003005
37500 0.000400
37600 0.001546
37700 0.002096
37800 0.001079
37900 0.001020
38000 0.002401
38100 0.002414
38200 0.001929
38300 0.003580
38400 0.000532
38500 0.003396
38600 0.001527
38700 0.001948
38800 0.000029
38900 0.002381
39000 0.003287
39100 0.003058
39200 0.001013
39300 0.003102
39400 0.001535
39500 0.003305
39600 0.007052
39700 0.000822
39800 0.002743
39900 0.000413
40000 0.002536
40100 0.003377
40200 0.002129
40300 0.001174
40400 0.003462
40500 0.002461
40600 0.000258
40700 0.000615
40800 0.002446
40900 0.000603
41000 0.004030
41100 0.002306
41200 0.001231
41300 0.001325
41400 0.003003
41500 0.002034
41600 0.004703
41700 0.000267
41800 0.001620
41900 0.002349
42000 0.002823
42100 0.000655
42200 0.003132
42300 0.001792
42400 0.003167
42500 0.000064
42600 0.000409
42700 0.001486
42800 0.000752
42900 0.003041
43000 0.001634
43100 0.003379
43200 0.002317
43300 0.001559
43400 0.000761
43500 0.003624
43600 0.005350
43700 0.000530
43800 0.001879
43900 0.002063
44000 0.000503
44100 0.002151
44200 0.004520
44300 0.000546
44400 0.000961
44500 0.006423
44600 0.005269
44700 0.002048
44800 0.003833
44900 0.001932
45000 0.002481
45100 0.002836
45200 0.003234
45300 0.002601
45400 0.002806
45500 0.001073
45600 0.003914
45700 0.001061
45800 0.005477
45900 0.004350
46000 0.000731
46100 0.000477
46200 0.004511
46300 0.002279
46400 0.003968
46500 0.005416
46600 0.001188
46700 0.000572
46800 0.003176
46900 0.003484
47000 0.004513
47100 0.000570
47200 0.004102
47300 0.003947
47400 0.005023
47500 0.005275
47600 0.005073
47700 0.003705
47800 0.003459
47900 0.004026
48000 0.005049
48100 0.004547
48200 0.002659
48300 0.003180
48400 0.001364
48500 0.000688
48600 0.003988
48700 0.001171
48800 0.005890
48900 0.003990
49000 0.002597
49100 0.003905
49200 0.003815
49300 0.002509
49400 0.002457
49500 0.002897
49600 0.003621
49700 0.004667
49800 0.003073
49900 0.004218
