1000 0.000006
1100 0.000035
1200 0.000023
1300 0.000032
1400 0.000122
1500 0.000065
1600 0.000077
1700 0.000082
1800 0.000033
1900 0.000055
2000 0.000064
2100 0.000050
2200 0.000069
2300 0.000105
2400 0.000097
2500 0.000155
2600 0.000008
2700 0.000034
2800 0.000184
2900 0.000036
3000 0.000121
3100 0.000152
3200 0.000071
3300 0.000066
3400 0.000073
3500 0.000009
3600 0.000290
3700 0.000218
3800 0.000026
3900 0.000067
4000 0.000052
4100 0.000261
4200 0.000182
4300 0.000050
4400 0.000190
4500 0.000053
4600 0.000240
4700 0.000198
4800 0.000075
4900 0.000203
5000 0.000263
5100 0.000146
5200 0.000258
5300 0.000014
5400 0.000079
5500 0.000159
5600 0.000046
5700 0.000060
5800 0.000037
5900 0.000097
6000 0.000295
6100 0.000092
6200 0.000292
6300 0.000044
6400 0.000317
6500 0.000028
6600 0.000192
6700 0.000212
6800 0.000302
6900 0.000210
7000 0.000080
7100 0.000442
7200 0.000114
7300 0.000275
7400 0.000158
7500 0.000024
7600 0.000284
7700 0.000363
7800 0.000133
7900 0.000097
8000 0.000125
8100 0.000046
8200 0.000427
8300 0.000150
8400 0.000259
8500 0.000108
8600 0.000422
8700 0.000136
8800 0.000259
8900 0.000068
9000 0.000315
9100 0.000132
9200 0.000184
9300 0.000143
9400 0.000434
9500 0.000178
9600 0.000178
9700 0.000121
9800 0.000066
9900 0.000147
10000 0.000181
10100 0.000367
10200 0.000057
10300 0.000030
10400 0.000214
10500 0.000095
10600 0.000526
10700 0.000287
10800 0.000323
10900 0.000113
11000 0.000311
11100 0.000174
11200 0.000417
11300 0.000148
11400 0.000293
11500 0.000238
11600 0.000427
11700 0.000437
11800 0.000526
11900 0.000133
12000 0.000285
12100 0.000284
12200 0.000287
12300 0.000388
12400 0.000155
12500 0.000509
12600 0.000021
12700 0.000137
12800 0.000171
12900 0.000118
13000 0.000358
13100 0.000025
13200 0.000315
13300 0.000051
13400 0.000042
13500 0.000005
13600 0.000482
13700 0.000064
13800 0.000336
13900 0.000062
14000 0.000353
14100 0.000615
14200 0.000231
14300 0.000405
14400 0.000112
14500 0.000411
14600 0.000349
14700 0.000371
14800 0.000213
14900 0.000034
15000 0.000124
15100 0.000369
15200 0.000429
15300 0.000316
15400 0.000549
15500 0.000620
15600 0.000162
15700 0.000318
15800 0.000278
15900 0.000561
16000 0.000351
16100 0.000430
16200 0.000137
16300 0.000143
16400 0.000072
16500 0.000458
16600 0.000492
16700 0.000122
16800 0.000323
16900 0.000128
17000 0.000105
17100 0.000177
17200 0.000400
17300 0.000388
17400 0.000327
17500 0.000406
17600 0.000222
17700 0.000110
17800 0.000193
17900 0.000462
18000 0.000194
18100 0.000268
18200 0.000268
18300 0.000447
18400 0.000119
18500 0.001440
18600 0.000112
18700 0.000488
18800 0.000188
18900 0.000567
19000 0.000507
19100 0.000411
19200 0.000087
19300 0.000329
19400 0.000531
19500 0.000562
19600 0.000116
19700 0.000747
19800 0.000637
19900 0.000543
20000 0.000778
20100 0.000064
20200 0.000453
20300 0.000210
20400 0.000026
20500 0.000527
20600 0.000152
20700 0.000404
20800 0.000204
20900 0.000255
21000 0.000707
21100 0.000589
21200 0.000052
21300 0.000196
21400 0.000518
21500 0.000387
21600 0.000044
21700 0.000082
21800 0.000429
21900 0.000294
22000 0.000306
22100 0.000125
22200 0.000055
22300 0.000466
22400 0.000234
22500 0.000384
22600 0.000669
22700 0.000657
22800 0.000611
22900 0.000323
23000 0.000857
23100 0.000025
23200 0.000284
23300 0.000143
23400 0.000522
23500 0.000773
23600 0.000509
23700 0.000025
23800 0.000591
23900 0.000069
24000 0.000079
24100 0.000198
24200 0.000245
24300 0.000391
24400 0.000307
24500 0.000183
24600 0.000173
24700 0.000626
24800 0.000293
24900 0.000361
25000 0.000414
25100 0.000594
25200 0.000299
25300 0.000452
25400 0.000500
25500 0.000388
25600 0.000489
25700 0.000496
25800 0.000271
25900 0.000190
26000 0.000983
26100 0.000309
26200 0.000362
26300 0.000059
26400 0.000274
26500 0.000816
26600 0.000803
26700 0.000189
26800 0.000467
26900 0.000024
27000 0.000602
27100 0.001227
27200 0.000128
27300 0.000534
27400 0.000817
27500 0.000614
27600 0.000056
27700 0.000431
27800 0.000849
27900 0.000659
28000 0.000773
28100 0.000114
28200 0.000132
28300 0.000252
28400 0.000204
28500 0.000180
28600 0.000261
28700 0.000297
28800 0.000399
28900 0.000369
29000 0.000387
29100 0.000216
29200 0.000567
29300 0.000355
29400 0.000458
29500 0.000048
29600 0.000043
29700 0.000254
29800 0.000432
29900 0.000683
30000 0.000114
30100 0.000350
30200 0.000095
30300 0.000457
30400 0.000575
30500 0.000404
30600 0.000256
30700 0.000346
30800 0.000015
30900 0.000054
31000 0.000200
31100 0.000891
31200 0.000135
31300 0.000220
31400 0.000112
31500 0.000299
31600 0.000163
31700 0.000180
31800 0.000831
31900 0.000514
32000 0.000756
32100 0.000352
32200 0.000984
32300 0.000641
32400 0.000743
32500 0.000793
32600 0.000120
32700 0.000625
32800 0.000387
32900 0.000526
33000 0.000059
33100 0.000357
33200 0.000479
33300 0.000348
33400 0.000441
33500 0.000538
33600 0.000412
33700 0.000597
33800 0.000021
33900 0.000492
34000 0.000187
34100 0.000544
34200 0.000390
34300 0.000157
34400 0.000384
34500 0.000503
34600 0.000274
34700 0.000701
34800 0.000240
34900 0.000364
35000 0.001013
35100 0.000921
35200 0.000991
35300 0.000107
35400 0.000211
35500 0.000256
35600 0.000318
35700 0.000890
35800 0.000538
35900 0.000559
36000 0.000467
36100 0.000727
36200 0.000231
36300 0.000625
36400 0.000338
36500 0.000375
36600 0.000800
36700 0.000834
36800 0.000858
36900 0.000007
37000 0.000719
37100 0.000316
37200 0.000027
37300 0.000489
37400 0.000339
37500 0.000403
37600 0.000477
37700 0.000143
37800 0.000382
37900 0.000415
38000 0.001071
38100 0.000706
38200 0.000965
38300 0.000018
38400 0.000455
38500 0.000062
38600 0.000030
38700 0.000673
38800 0.000398
38900 0.000191
39000 0.001387
39100 0.001034
39200 0.000167
39300 0.000860
39400 0.000257
39500 0.000931
39600 0.001045
39700 0.000270
39800 0.000343
39900 0.000753
40000 0.000097
40100 0.000739
40200 0.001594
40300 0.000957
40400 0.000089
40500 0.000389
40600 0.001249
40700 0.000047
40800 0.000603
40900 0.000696
41000 0.000027
41100 0.000958
41200 0.000296
41300 0.002319
41400 0.001236
41500 0.000667
41600 0.000508
41700 0.000447
41800 0.000443
41900 0.000518
42000 0.001320
42100 0.000368
42200 0.000996
42300 0.000421
42400 0.001364
42500 0.000168
42600 0.000785
42700 0.000255
42800 0.000282
42900 0.001076
43000 0.000935
43100 0.001006
43200 0.001237
43300 0.000763
43400 0.000868
43500 0.000872
43600 0.000918
43700 0.000990
43800 0.000350
43900 0.000068
44000 0.000966
44100 0.000759
44200 0.000903
44300 0.000667
44400 0.000110
44500 0.000677
44600 0.000763
44700 0.000008
44800 0.000387
44900 0.001475
45000 0.000532
45100 0.001074
45200 0.000635
45300 0.001102
45400 0.000212
45500 0.000991
45600 0.001024
45700 0.000134
45800 0.001020
45900 0.000288
46000 0.001030
46100 0.001246
46200 0.000752
46300 0.000178
46400 0.000544
46500 0.000573
46600 0.000030
46700 0.000286
46800 0.000898
46900 0.001507
47000 0.000636
47100 0.000898
47200 0.000130
47300 0.001275
47400 0.001561
47500 0.000254
47600 0.000356
47700 0.000925
47800 0.001654
47900 0.000410
48000 0.000071
48100 0.000740
48200 0.001044
48300 0.001228
48400 0.001644
48500 0.000908
48600 0.001001
48700 0.000946
48800 0.001203
48900 0.000412
49000 0.001261
49100 0.000863
49200 0.001030
49300 0.001423
49400 0.001088
49500 0.001373
49600 0.000716
49700 0.000043
49800 0.000090
49900 0.000796
