1000 0.000039
1100 0.000059
1200 0.000046
1300 0.000082
1400 0.000080
1500 0.000081
1600 0.000085
1700 0.000096
1800 0.000202
1900 0.000105
2000 0.000075
2100 0.000158
2200 0.000134
2300 0.000110
2400 0.000105
2500 0.000191
2600 0.000167
2700 0.000171
2800 0.000131
2900 0.000152
3000 0.000209
3100 0.000204
3200 0.000212
3300 0.000241
3400 0.000264
3500 0.000241
3600 0.000281
3700 0.000410
3800 0.000237
3900 0.000362
4000 0.000282
4100 0.000226
4200 0.000212
4300 0.000293
4400 0.000270
4500 0.000241
4600 0.000455
4700 0.000386
4800 0.000262
4900 0.000233
5000 0.000338
5100 0.000374
5200 0.000234
5300 0.000295
5400 0.000387
5500 0.000387
5600 0.000475
5700 0.000623
5800 0.000414
5900 0.000322
6000 0.000356
6100 0.000296
6200 0.000393
6300 0.000398
6400 0.000504
6500 0.000320
6600 0.000337
6700 0.000301
6800 0.000294
6900 0.000420
7000 0.000368
7100 0.000346
7200 0.000427
7300 0.000375
7400 0.000336
7500 0.000412
7600 0.000454
7700 0.000439
7800 0.000396
7900 0.000398
8000 0.000433
8100 0.000316
8200 0.000407
8300 0.000387
8400 0.000450
8500 0.000393
8600 0.000348
8700 0.000388
8800 0.000338
8900 0.000376
9000 0.000355
9100 0.000548
9200 0.000397
9300 0.000452
9400 0.000421
9500 0.000606
9600 0.000523
9700 0.000399
9800 0.000442
9900 0.000454
10000 0.000420
10100 0.000481
10200 0.000437
10300 0.000474
10400 0.000443
10500 0.000408
10600 0.000425
10700 0.000418
10800 0.000489
10900 0.000474
11000 0.000583
11100 0.000709
11200 0.000497
11300 0.000736
11400 0.000545
11500 0.000437
11600 0.000492
11700 0.000690
11800 0.000613
11900 0.000615
12000 0.000514
12100 0.000519
12200 0.000503
12300 0.000458
12400 0.001140
12500 0.000555
12600 0.000432
12700 0.000732
12800 0.000759
12900 0.000789
13000 0.000463
13100 0.000535
13200 0.000469
13300 0.000542
13400 0.000563
13500 0.000549
13600 0.000524
13700 0.000657
13800 0.000545
13900 0.000609
14000 0.000654
14100 0.000519
14200 0.000547
14300 0.000521
14400 0.000567
14500 0.000537
14600 0.000697
14700 0.000777
14800 0.000551
14900 0.000564
15000 0.000632
15100 0.000578
15200 0.000587
15300 0.000634
15400 0.000621
15500 0.000889
15600 0.000822
15700 0.000601
15800 0.000617
15900 0.000579
16000 0.000856
16100 0.000578
16200 0.000933
16300 0.000706
16400 0.000642
16500 0.000619
16600 0.000850
16700 0.000876
16800 0.000591
16900 0.000628
17000 0.000636
17100 0.000722
17200 0.000757
17300 0.000538
17400 0.000696
17500 0.000589
17600 0.000797
17700 0.000641
17800 0.000630
17900 0.000623
18000 0.000629
18100 0.000611
18200 0.000610
18300 0.000620
18400 0.000878
18500 0.000901
18600 0.000766
18700 0.000712
18800 0.000999
18900 0.000714
19000 0.000700
19100 0.000783
19200 0.000986
19300 0.000744
19400 0.000753
19500 0.000726
19600 0.000771
19700 0.001646
19800 0.000769
19900 0.000743
20000 0.000752
20100 0.000764
20200 0.000726
20300 0.000857
20400 0.000944
20500 0.000786
20600 0.000723
20700 0.000789
20800 0.000840
20900 0.000973
21000 0.000899
21100 0.000922
21200 0.001052
21300 0.001089
21400 0.000730
21500 0.000833
21600 0.001049
21700 0.000881
21800 0.000802
21900 0.000749
22000 0.001082
22100 0.000838
22200 0.001147
22300 0.000856
22400 0.000892
22500 0.000920
22600 0.001001
22700 0.000876
22800 0.000959
22900 0.000898
23000 0.000837
23100 0.000749
23200 0.001011
23300 0.000829
23400 0.001044
23500 0.001057
23600 0.000947
23700 0.000969
23800 0.000852
23900 0.001017
24000 0.000958
24100 0.002296
24200 0.000929
24300 0.001075
24400 0.001366
24500 0.000698
24600 0.000831
24700 0.001026
24800 0.000897
24900 0.000792
25000 0.000954
25100 0.001274
25200 0.000983
25300 0.000793
25400 0.000842
25500 0.001249
25600 0.000838
25700 0.000937
25800 0.000885
25900 0.000811
26000 0.001060
26100 0.000946
26200 0.001016
26300 0.000838
26400 0.002186
26500 0.000853
26600 0.000926
26700 0.000919
26800 0.000927
26900 0.000972
27000 0.000922
27100 0.000878
27200 0.000872
27300 0.000848
27400 0.001093
27500 0.001108
27600 0.000795
27700 0.000747
27800 0.000941
27900 0.000743
28000 0.000715
28100 0.000718
28200 0.000756
28300 0.001158
28400 0.000827
28500 0.000880
28600 0.000930
28700 0.001218
28800 0.001020
28900 0.000898
29000 0.000918
29100 0.001009
29200 0.001082
29300 0.001323
29400 0.000811
29500 0.000867
29600 0.001356
29700 0.000898
29800 0.000750
29900 0.001349
30000 0.000939
30100 0.001410
30200 0.000777
30300 0.000785
30400 0.000807
30500 0.000829
30600 0.000764
30700 0.000951
30800 0.001076
30900 0.001090
31000 0.001109
31100 0.000967
31200 0.001214
31300 0.001178
31400 0.000999
31500 0.001124
31600 0.001641
31700 0.001293
31800 0.001290
31900 0.001001
32000 0.001163
32100 0.001004
32200 0.001091
32300 0.000993
32400 0.001062
32500 0.001063
32600 0.001073
32700 0.001131
32800 0.001214
32900 0.001099
33000 0.001115
33100 0.001326
33200 0.001239
33300 0.001446
33400 0.002582
33500 0.001054
33600 0.000873
33700 0.001252
33800 0.001213
33900 0.001167
34000 0.001115
34100 0.000958
34200 0.001064
34300 0.001606
34400 0.001393
34500 0.001208
34600 0.001094
34700 0.001665
34800 0.001017
34900 0.001146
35000 0.001121
35100 0.001115
35200 0.001309
35300 0.001561
35400 0.001334
35500 0.001569
35600 0.001094
35700 0.001028
35800 0.001130
35900 0.001365
36000 0.001188
36100 0.001249
36200 0.001113
36300 0.001152
36400 0.001555
36500 0.001134
36600 0.001269
36700 0.001114
36800 0.001130
36900 0.001438
37000 0.001189
37100 0.001447
37200 0.001167
37300 0.001182
37400 0.001528
37500 0.001536
37600 0.001192
37700 0.001224
37800 0.001645
37900 0.001189
38000 0.001182
38100 0.001180
38200 0.001814
38300 0.001840
38400 0.001544
38500 0.001230
38600 0.001368
38700 0.001419
38800 0.001246
38900 0.001546
39000 0.001237
39100 0.001540
39200 0.001257
39300 0.001441
39400 0.001485
39500 0.000001
39600 0.000006
39700 0.000008
39800 0.000010
39900 0.000015
40000 0.000014
40100 0.000018
40200 0.000027
40300 0.000030
40400 0.000034
40500 0.000034
40600 0.000039
40700 0.000037
40800 0.000098
40900 0.000047
41000 0.000047
41100 0.000048
41200 0.000043
41300 0.000061
41400 0.000069
41500 0.000095
41600 0.000061
41700 0.000060
41800 0.000081
41900 0.000107
42000 0.000083
42100 0.000087
42200 0.000135
42300 0.000085
42400 0.000092
42500 0.000084
42600 0.000118
42700 0.000065
42800 0.000069
42900 0.000122
43000 0.000102
43100 0.000112
43200 0.000096
43300 0.000114
43400 0.000153
43500 0.000168
43600 0.000108
43700 0.000113
43800 0.000079
43900 0.000096
44000 0.000127
44100 0.000155
44200 0.000174
44300 0.000108
44400 0.000227
44500 0.000112
44600 0.000266
44700 0.000152
44800 0.000128
44900 0.000127
45000 0.000373
45100 0.000195
45200 0.000257
45300 0.000223
45400 0.000156
45500 0.000166
45600 0.000168
45700 0.000175
45800 0.000216
45900 0.000162
46000 0.000193
46100 0.000178
46200 0.000191
46300 0.000166
46400 0.000174
46500 0.000180
46600 0.000192
46700 0.000192
46800 0.000189
46900 0.000273
47000 0.000164
47100 0.000183
47200 0.000202
47300 0.000174
47400 0.000186
47500 0.000171
47600 0.000174
47700 0.000247
47800 0.000208
47900 0.000239
48000 0.000228
48100 0.000216
48200 0.000268
48300 0.000261
48400 0.000339
48500 0.000192
48600 0.000208
48700 0.000219
48800 0.000232
48900 0.000211
49000 0.000271
49100 0.000282
49200 0.000230
49300 0.000229
49400 0.000251
49500 0.000331
49600 0.000222
49700 0.000204
49800 0.000236
49900 0.000208
