1000 0.000081
1100 0.000035
1200 0.000076
1300 0.000081
1400 0.000066
1500 0.000100
1600 0.000079
1700 0.000090
1800 0.000069
1900 0.000123
2000 0.000070
2100 0.000120
2200 0.000106
2300 0.000151
2400 0.000085
2500 0.000096
2600 0.000227
2700 0.000128
2800 0.000101
2900 0.000114
3000 0.000111
3100 0.000111
3200 0.000114
3300 0.000149
3400 0.000180
3500 0.000134
3600 0.000177
3700 0.000138
3800 0.000140
3900 0.000360
4000 0.000194
4100 0.000143
4200 0.000188
4300 0.000405
4400 0.000221
4500 0.000625
4600 0.000207
4700 0.000206
4800 0.000298
4900 0.000249
5000 0.000238
5100 0.000251
5200 0.000268
5300 0.000580
5400 0.000576
5500 0.000205
5600 0.000478
5700 0.000329
5800 0.000360
5900 0.000305
6000 0.000285
6100 0.000286
6200 0.000325
6300 0.000270
6400 0.000270
6500 0.000462
6600 0.000752
6700 0.000378
6800 0.000439
6900 0.000378
7000 0.000299
7100 0.000393
7200 0.000350
7300 0.000463
7400 0.000415
7500 0.000443
7600 0.000347
7700 0.000871
7800 0.000357
7900 0.000378
8000 0.000423
8100 0.000466
8200 0.000563
8300 0.000585
8400 0.000989
8500 0.000505
8600 0.000621
8700 0.000383
8800 0.000731
8900 0.000558
9000 0.000600
9100 0.000504
9200 0.000690
9300 0.000645
9400 0.001190
9500 0.000690
9600 0.000713
9700 0.000618
9800 0.000597
9900 0.000491
10000 0.000655
10100 0.000513
10200 0.000683
10300 0.000599
10400 0.000930
10500 0.000693
10600 0.000742
10700 0.000638
10800 0.000597
10900 0.000818
11000 0.000600
11100 0.000641
11200 0.000873
11300 0.001220
11400 0.000744
11500 0.000519
11600 0.000838
11700 0.001048
11800 0.000818
11900 0.001548
12000 0.000688
12100 0.001110
12200 0.000844
12300 0.000643
12400 0.001290
12500 0.000876
12600 0.001691
12700 0.002147
12800 0.001954
12900 0.001186
13000 0.000650
13100 0.002122
13200 0.002296
13300 0.001489
13400 0.000959
13500 0.001563
13600 0.000862
13700 0.001332
13800 0.000751
13900 0.000839
14000 0.001103
14100 0.001573
14200 0.001404
14300 0.001790
14400 0.001072
14500 0.001177
14600 0.000872
14700 0.001171
14800 0.001789
14900 0.001014
15000 0.001149
15100 0.000926
15200 0.000980
15300 0.002025
15400 0.001180
15500 0.001145
15600 0.001053
15700 0.001308
15800 0.000807
15900 0.003092
16000 0.001161
16100 0.001219
16200 0.001313
16300 0.001536
16400 0.001143
16500 0.001519
16600 0.001139
16700 0.001373
16800 0.001504
16900 0.001356
17000 0.001247
17100 0.002463
17200 0.001548
17300 0.001346
17400 0.001374
17500 0.001451
17600 0.001476
17700 0.001693
17800 0.001697
17900 0.001233
18000 0.001183
18100 0.002213
18200 0.001109
18300 0.001355
18400 0.001486
18500 0.001178
18600 0.001268
18700 0.001508
18800 0.001379
18900 0.001626
19000 0.001476
19100 0.002007
19200 0.001603
19300 0.001441
19400 0.001241
19500 0.001637
19600 0.001274
19700 0.001433
19800 0.001287
19900 0.001059
20000 0.001905
20100 0.003333
20200 0.002402
20300 0.001296
20400 0.001518
20500 0.001294
20600 0.001384
20700 0.001648
20800 0.003095
20900 0.002443
21000 0.002239
21100 0.001969
21200 0.001552
21300 0.001407
21400 0.001539
21500 0.001463
21600 0.001227
21700 0.001505
21800 0.002063
21900 0.001227
22000 0.002427
22100 0.001272
22200 0.001655
22300 0.001520
22400 0.001265
22500 0.001330
22600 0.002829
22700 0.001375
22800 0.002679
22900 0.001606
23000 0.002093
23100 0.003399
23200 0.003062
23300 0.003209
23400 0.003718
23500 0.003396
23600 0.002753
23700 0.001847
23800 0.003135
23900 0.001662
24000 0.002995
24100 0.001845
24200 0.001503
24300 0.001961
24400 0.002122
24500 0.001709
24600 0.002682
24700 0.001569
24800 0.002076
24900 0.001408
25000 0.001982
25100 0.002089
25200 0.001867
25300 0.001844
25400 0.001719
25500 0.002418
25600 0.001731
25700 0.001875
25800 0.003133
25900 0.001534
26000 0.002553
26100 0.002469
26200 0.002560
26300 0.002691
26400 0.003364
26500 0.001710
26600 0.002372
26700 0.002704
26800 0.002073
26900 0.003256
27000 0.004798
27100 0.003562
27200 0.003300
27300 0.004534
27400 0.003893
27500 0.005218
27600 0.004002
27700 0.004687
27800 0.002409
27900 0.001961
28000 0.003120
28100 0.002552
28200 0.002965
28300 0.002705
28400 0.002204
28500 0.002369
28600 0.001811
28700 0.002002
28800 0.002580
28900 0.002355
29000 0.003272
29100 0.002131
29200 0.002671
29300 0.004398
29400 0.004046
29500 0.004968
29600 0.003144
29700 0.003427
29800 0.003157
29900 0.003837
30000 0.005133
30100 0.004778
30200 0.005265
30300 0.005882
30400 0.005171
30500 0.005672
30600 0.004429
30700 0.002260
30800 0.002697
30900 0.003695
31000 0.003173
31100 0.002858
31200 0.002672
31300 0.002495
31400 0.003008
31500 0.002187
31600 0.002720
31700 0.002876
31800 0.002562
31900 0.002911
32000 0.003051
32100 0.003141
32200 0.005633
32300 0.002747
32400 0.002950
32500 0.002938
32600 0.003014
32700 0.001889
32800 0.003387
32900 0.002777
33000 0.005390
33100 0.003915
33200 0.003611
33300 0.004978
33400 0.004272
33500 0.005073
33600 0.004110
33700 0.003591
33800 0.005616
33900 0.005857
34000 0.003457
34100 0.002653
34200 0.002100
34300 0.003573
34400 0.003419
34500 0.003411
34600 0.003681
34700 0.004409
34800 0.002060
34900 0.002969
35000 0.002486
35100 0.003667
35200 0.002643
35300 0.002882
35400 0.002851
35500 0.003221
35600 0.003560
35700 0.004984
35800 0.003713
35900 0.003085
36000 0.003045
36100 0.003365
36200 0.006004
36300 0.006266
36400 0.003658
36500 0.003884
36600 0.005708
36700 0.003534
36800 0.004489
36900 0.002602
37000 0.003204
37100 0.002185
37200 0.002946
37300 0.003751
37400 0.005565
37500 0.002841
37600 0.003488
37700 0.004066
37800 0.002945
37900 0.003568
38000 0.004725
38100 0.003297
38200 0.002871
38300 0.003341
38400 0.002964
38500 0.003296
38600 0.003764
38700 0.003752
38800 0.004308
38900 0.006950
39000 0.005319
39100 0.003586
39200 0.002418
39300 0.002944
39400 0.003620
39500 0.002557
39600 0.003862
39700 0.003064
39800 0.004554
39900 0.003246
40000 0.004769
40100 0.003180
40200 0.004659
40300 0.003686
40400 0.004017
40500 0.005029
40600 0.004013
40700 0.003129
40800 0.003240
40900 0.004295
41000 0.006195
41100 0.004982
41200 0.007646
41300 0.007260
41400 0.005348
41500 0.006540
41600 0.003722
41700 0.003690
41800 0.003455
41900 0.003310
42000 0.005577
42100 0.004392
42200 0.003183
42300 0.004368
42400 0.003296
42500 0.004364
42600 0.003817
42700 0.005483
42800 0.003675
42900 0.004825
43000 0.004403
43100 0.003531
43200 0.005911
43300 0.006072
43400 0.006501
43500 0.004093
43600 0.004322
43700 0.006776
43800 0.003417
43900 0.005022
44000 0.003287
44100 0.003325
44200 0.003370
44300 0.006127
44400 0.004296
44500 0.004431
44600 0.003038
44700 0.003212
44800 0.003359
44900 0.003219
45000 0.004570
45100 0.007075
45200 0.005411
45300 0.006978
45400 0.007335
45500 0.005607
45600 0.008761
45700 0.006844
45800 0.005482
45900 0.004360
46000 0.005290
46100 0.004845
46200 0.006497
46300 0.007067
46400 0.007006
46500 0.005588
46600 0.006348
46700 0.008391
46800 0.003843
46900 0.005193
47000 0.003592
47100 0.003827
47200 0.003446
47300 0.005314
47400 0.004191
47500 0.004082
47600 0.003924
47700 0.004216
47800 0.004503
47900 0.004455
48000 0.008540
48100 0.008121
48200 0.004688
48300 0.003856
48400 0.004548
48500 0.006290
48600 0.004668
48700 0.004281
48800 0.003988
48900 0.003860
49000 0.003898
49100 0.006123
49200 0.003571
49300 0.004852
49400 0.004261
49500 0.005316
49600 0.005294
49700 0.004611
49800 0.004183
49900 0.005433
