1000 0.000034
1100 0.000045
1200 0.000493
1300 0.000052
1400 0.000093
1500 0.000078
1600 0.000058
1700 0.000055
1800 0.000059
1900 0.000104
2000 0.000062
2100 0.000118
2200 0.000081
2300 0.000073
2400 0.000144
2500 0.000236
2600 0.000091
2700 0.000141
2800 0.000134
2900 0.000110
3000 0.000361
3100 0.000129
3200 0.000116
3300 0.000145
3400 0.000117
3500 0.000132
3600 0.000212
3700 0.000197
3800 0.000142
3900 0.000182
4000 0.000201
4100 0.000220
4200 0.000167
4300 0.000527
4400 0.000174
4500 0.000238
4600 0.000211
4700 0.000234
4800 0.000211
4900 0.000201
5000 0.000195
5100 0.000220
5200 0.000215
5300 0.000671
5400 0.000277
5500 0.000225
5600 0.000285
5700 0.000518
5800 0.000277
5900 0.000249
6000 0.000293
6100 0.000251
6200 0.000275
6300 0.000267
6400 0.000318
6500 0.000314
6600 0.000274
6700 0.000307
6800 0.000292
6900 0.000368
7000 0.000906
7100 0.000306
7200 0.000324
7300 0.000435
7400 0.000343
7500 0.000345
7600 0.000347
7700 0.000652
7800 0.001062
7900 0.000354
8000 0.000397
8100 0.000523
8200 0.000346
8300 0.000448
8400 0.000416
8500 0.000617
8600 0.000412
8700 0.000685
8800 0.000525
8900 0.001288
9000 0.000381
9100 0.000410
9200 0.000387
9300 0.001045
9400 0.000396
9500 0.000421
9600 0.000672
9700 0.000532
9800 0.001025
9900 0.001106
10000 0.000434
10100 0.000535
10200 0.001208
10300 0.000495
10400 0.001033
10500 0.000524
10600 0.000502
10700 0.000528
10800 0.000437
10900 0.000776
11000 0.000532
11100 0.000583
11200 0.001380
11300 0.000592
11400 0.000528
11500 0.000519
11600 0.000619
11700 0.000659
11800 0.000619
11900 0.000986
12000 0.000711
12100 0.000614
12200 0.000552
12300 0.001114
12400 0.001082
12500 0.000925
12600 0.000639
12700 0.001459
12800 0.000684
12900 0.000702
13000 0.000619
13100 0.001766
13200 0.000729
13300 0.000657
13400 0.000719
13500 0.000883
13600 0.000724
13700 0.000744
13800 0.000629
13900 0.001244
14000 0.001587
14100 0.000688
14200 0.000676
14300 0.001927
14400 0.000708
14500 0.000711
14600 0.000740
14700 0.000679
14800 0.000707
14900 0.000709
15000 0.000745
15100 0.000722
15200 0.000781
15300 0.000789
15400 0.000799
15500 0.000991
15600 0.000733
15700 0.000854
15800 0.000789
15900 0.001795
16000 0.001797
16100 0.000828
16200 0.000886
16300 0.001219
16400 0.000836
16500 0.002135
16600 0.001659
16700 0.000845
16800 0.000835
16900 0.001867
17000 0.000937
17100 0.001046
17200 0.000927
17300 0.001186
17400 0.000932
17500 0.001263
17600 0.000877
17700 0.000925
17800 0.001014
17900 0.000982
18000 0.001140
18100 0.000948
18200 0.000964
18300 0.000988
18400 0.001066
18500 0.001008
18600 0.000965
18700 0.000974
18800 0.000995
18900 0.000865
19000 0.000950
19100 0.000982
19200 0.001414
19300 0.001137
19400 0.000974
19500 0.001037
19600 0.001033
19700 0.001112
19800 0.001032
19900 0.001436
20000 0.001081
20100 0.001182
20200 0.001423
20300 0.002367
20400 0.002838
20500 0.001538
20600 0.001284
20700 0.001100
20800 0.001122
20900 0.001069
21000 0.001248
21100 0.001444
21200 0.002365
21300 0.001481
21400 0.001072
21500 0.001704
21600 0.001430
21700 0.001572
21800 0.001472
21900 0.002316
22000 0.003438
22100 0.001386
22200 0.001509
22300 0.001235
22400 0.001549
22500 0.001711
22600 0.002079
22700 0.001295
22800 0.001455
22900 0.001313
23000 0.001701
23100 0.001501
23200 0.001827
23300 0.001396
23400 0.001768
23500 0.001247
23600 0.001463
23700 0.002571
23800 0.001497
23900 0.001169
24000 0.002603
24100 0.001492
24200 0.001865
24300 0.001301
24400 0.001778
24500 0.001425
24600 0.001342
24700 0.001675
24800 0.001792
24900 0.001726
25000 0.001698
25100 0.001328
25200 0.001328
25300 0.002788
25400 0.001571
25500 0.002203
25600 0.001459
25700 0.002072
25800 0.001324
25900 0.002171
26000 0.001721
26100 0.002180
26200 0.001700
26300 0.001940
26400 0.002081
26500 0.001540
26600 0.001665
26700 0.001475
26800 0.001533
26900 0.001490
27000 0.001854
27100 0.002308
27200 0.002277
27300 0.001794
27400 0.001578
27500 0.002952
27600 0.001826
27700 0.002867
27800 0.002053
27900 0.002883
28000 0.002406
28100 0.001786
28200 0.001884
28300 0.002665
28400 0.001771
28500 0.003092
28600 0.002332
28700 0.001882
28800 0.002717
28900 0.001936
29000 0.001943
29100 0.001790
29200 0.003144
29300 0.002111
29400 0.001749
29500 0.003377
29600 0.001685
29700 0.001869
29800 0.001675
29900 0.001962
30000 0.001889
30100 0.001800
30200 0.002050
30300 0.003023
30400 0.002973
30500 0.001760
30600 0.001936
30700 0.001847
30800 0.003172
30900 0.002470
31000 0.004353
31100 0.002130
31200 0.001659
31300 0.002041
31400 0.001956
31500 0.002039
31600 0.002784
31700 0.002011
31800 0.001603
31900 0.002220
32000 0.002757
32100 0.001885
32200 0.001985
32300 0.002767
32400 0.002170
32500 0.002217
32600 0.002071
32700 0.001997
32800 0.001950
32900 0.002275
33000 0.003392
33100 0.002479
33200 0.002131
33300 0.002061
33400 0.002209
33500 0.002090
33600 0.002018
33700 0.001940
33800 0.002780
33900 0.002130
34000 0.002352
34100 0.002033
34200 0.002309
34300 0.002274
34400 0.002468
34500 0.004311
34600 0.003281
34700 0.002269
34800 0.002406
34900 0.002726
35000 0.002404
35100 0.002581
35200 0.002350
35300 0.002640
35400 0.002323
35500 0.002330
35600 0.002308
35700 0.002398
35800 0.002271
35900 0.002254
36000 0.002484
36100 0.002679
36200 0.002531
36300 0.002421
36400 0.002815
36500 0.002640
36600 0.003005
36700 0.002489
36800 0.001999
36900 0.002428
37000 0.001829
37100 0.002621
37200 0.003961
37300 0.002492
37400 0.002394
37500 0.003325
37600 0.002553
37700 0.002510
37800 0.002331
37900 0.002570
38000 0.003606
38100 0.003077
38200 0.002439
38300 0.002752
38400 0.002481
38500 0.002086
38600 0.002542
38700 0.002201
38800 0.002910
38900 0.004801
39000 0.002922
39100 0.003822
39200 0.002681
39300 0.002998
39400 0.003828
39500 0.001918
39600 0.002863
39700 0.001958
39800 0.002397
39900 0.001758
40000 0.001801
40100 0.001887
40200 0.002250
40300 0.001920
40400 0.001971
40500 0.001864
40600 0.001605
40700 0.001684
40800 0.002134
40900 0.004327
41000 0.002346
41100 0.001958
41200 0.001881
41300 0.002271
41400 0.002014
41500 0.002048
41600 0.002083
41700 0.002182
41800 0.002108
41900 0.001923
42000 0.001743
42100 0.002305
42200 0.001797
42300 0.002166
42400 0.002055
42500 0.001937
42600 0.002067
42700 0.001998
42800 0.002065
42900 0.002832
43000 0.002430
43100 0.002066
43200 0.002009
43300 0.001956
43400 0.002416
43500 0.001973
43600 0.002072
43700 0.002034
43800 0.001968
43900 0.001912
44000 0.002234
44100 0.002016
44200 0.001934
44300 0.002132
44400 0.002047
44500 0.002063
44600 0.003227
44700 0.002006
44800 0.001965
44900 0.002555
45000 0.002094
45100 0.001875
45200 0.002101
45300 0.002029
45400 0.002344
45500 0.002186
45600 0.002352
45700 0.002063
45800 0.002697
45900 0.002571
46000 0.002367
46100 0.003142
46200 0.002264
46300 0.002168
46400 0.002395
46500 0.002403
46600 0.002087
46700 0.002992
46800 0.002066
46900 0.002277
47000 0.002091
47100 0.002279
47200 0.001989
47300 0.002105
47400 0.002237
47500 0.002346
47600 0.002244
47700 0.002449
47800 0.002151
47900 0.002581
48000 0.002156
48100 0.002731
48200 0.003963
48300 0.003059
48400 0.002970
48500 0.003344
48600 0.002336
48700 0.002518
48800 0.002307
48900 0.002583
49000 0.002234
49100 0.002374
49200 0.002930
49300 0.002347
49400 0.002473
49500 0.002460
49600 0.003823
49700 0.002414
49800 0.002151
49900 0.002955
