 1000 0.005397
 1001 0.006178
 1002 0.005120
 1003 0.005891
 1004 0.005197
 1005 0.005469
 1006 0.005585
 1007 0.005748
 1008 0.005360
 1009 0.005558
 1010 0.005725
 1011 0.006305
 1012 0.005952
 1013 0.006157
 1014 0.005683
 1015 0.006949
 1016 0.006860
 1017 0.007405
 1018 0.007274
 1019 0.007719
 1020 0.007498
 1021 0.008038
 1022 0.007659
 1023 0.007826
 1024 0.006108
 1025 0.006021
 1026 0.005772
 1027 0.006268
 1028 0.006308
 1029 0.007118
 1030 0.007750
 1031 0.006634
 1032 0.007194
 1033 0.008199
 1034 0.006432
 1035 0.006331
 1036 0.006257
 1037 0.007865
 1038 0.008213
 1039 0.008574
 1040 0.007817
 1041 0.006794
 1042 0.006553
 1043 0.006863
 1044 0.007850
 1045 0.008456
 1046 0.007865
 1047 0.008237
 1048 0.006679
 1049 0.006891
 1050 0.006506
 1051 0.008846
 1052 0.008474
 1053 0.008461
 1054 0.006922
 1055 0.008744
 1056 0.007943
 1057 0.008915
 1058 0.008516
 1059 0.007757
 1060 0.007084
 1061 0.008963
 1062 0.009265
 1063 0.007404
 1064 0.007077
 1065 0.009393
 1066 0.008677
 1067 0.007653
 106