1000 0.000061
1001 0.000175
1002 0.000076
1003 0.000072
1004 0.000071
1005 0.000060
1006 0.000061
1007 0.000067
1008 0.000072
1009 0.000087
1010 0.000089
1011 0.000058
1012 0.000062
1013 0.000067
1014 0.000106
1015 0.000068
1016 0.000066
1017 0.000063
1018 0.000075
1019 0.000058
1020 0.000078
1021 0.000075
1022 0.000078
1023 0.000059
1024 0.000065
1025 0.000073
1026 0.000081
1027 0.000230
1028 0.000067
1029 0.000070
1030 0.000078
1031 0.000088
1032 0.000073
1033 0.000074
1034 0.000096
1035 0.000075
1036 0.000080
1037 0.000102
1038 0.000085
1039 0.000212
1040 0.000079
1041 0.000089
1042 0.000145
1043 0.000300
1044 0.000069
1045 0.000107
1046 0.000091
1047 0.000059
1048 0.000070
1049 0.000094
1050 0.000100
1051 0.000118
1052 0.000063
1053 0.000079
1054 0.000080
1055 0.000105
1056 0.000133
1057 0.000067
1058 0.000092
1059 0.000095
1060 0.000211
1061 0.000186
1062 0.000079
1063 0.000076
1064 0.000129
1065 0.000076
1066 0.000079
1067 0.000087
1068 0.000095
1069 0.000106
1070 0.000122
1071 0.000129
1072 0.000150
1073 0.000072
1074 0.000073
1075 0.000106
1076 0.000109
1077 0.000098
1078 0.000104
1079 0.000098
1080 0.000134
1081 0.000083
1082 0.000081
1083 0.000094
1084 0.000107
1085 0.000079
1086 0.000076
1087 0.000098
1088 0.000113
1089 0.000099
1090 0.000412
1091 0.000069
1092 0.000081
1093 0.000086
1094 0.000092
1095 0.000144
1096 0.000167
1097 0.000116
1098 0.000099
1099 0.000128
1100 0.000101
1101 0.000129
1102 0.000401
1103 0.000068
1104 0.000078
1105 0.000097
1106 0.000103
1107 0.000212
1108 0.000121
1109 0.000111
1110 0.000094
1111 0.000094
1112 0.000096
1113 0.000142
1114 0.000117
1115 0.000295
1116 0.000180
1117 0.000140
1118 0.000128
1119 0.000113
1120 0.000100
1121 0.000096
1122 0.000123
1123 0.000109
1124 0.000097
1125 0.000122
1126 0.000166
1127 0.000068
1128 0.000095
1129 0.000105
1130 0.000102
1131 0.000147
1132 0.000094
1133 0.000086
1134 0.000105
1135 0.000194
1136 0.000117
1137 0.000106
1138 0.000101
1139 0.000107
1140 0.000108
1141 0.000394
1142 0.000095
1143 0.000095
1144 0.000110
1145 0.000118
1146